65797236
80520110
15866536
52753046
15154647
64720148
17880976
73093026
48965914
16188402
68245486
36245188
50987319
31193955
29810500
12744069
70315869
94686081
36478352
63925635
75263129
95033152
75968207
22144878
28471498
68206977
99797234
59712707
55269331
51212692
92209443
14875385
25297109
56374670
85138381
64691556
89178622
30103713
41207414
22566344
93109110
11832607
65139440
80591427
32139394
51654548
64201296
10756689
71619494
98706337
23182676
95024322
96675419
43303047
94198036
70764083
14551902
93721656
34281547
46947669
64922912
58168268
27823695
97753220
23978958
63370100
20948078
94612648
46055572
65118943
23565446
50212156
63478666
23912007
70816523
73430522
39893711
95376779
90005483
76816948
14005680
99040545
88093211
56562993
38030016
97185120
18199965
81994060
62176633
24374298
60139653
95456964
95822164
94259743
57643430
44940842
84008911
67386219
66612469
68769292
68245486
75263129
36478352
15866536
68206977
95033152
68245486
68206977
95033152
73093026
68245486
52753046
80520110
70315869
36245188
63925635
75263129
95033152
75263129
64720148
12744069
16188402
36245188
73093026
80520110
17880976
12744069
75263129
63925635
48965914
59712707
95033152
16188402
73093026
50987319
36245188
36245188
28471498
95033152
36478352
63925635
48965914
52753046
68245486
68206977
29810500
55269331
31193955
94686081
55269331
75968207
15154647
92209443
31193955
15154647
65797236
16188402
36245188
65797236
63925635
17880976
95033152
64720148
50987319
68245486
75263129
28471498
28471498
52753046
92209443
73093026
59712707
92209443
80520110
94686081
17880976
17880976
65797236
31193955
36478352
16188402
15866536
15866536
75968207
94686081
75968207
75968207
59712707
15866536
36245188
15866536
65797236
28471498
80520110
50987319
55269331
52753046
95033152
65797236
64720148
75263129
52753046
16188402
36478352
75263129
99797234
15154647
55269331
59712707
55269331
28471498
48965914
51212692
50987319
68245486
15154647
36478352
29810500
99797234
36478352
55269331
55269331
75968207
22144878
59712707
17880976
15866536
51212692
75263129
63925635
52753046
70315869
65797236
73093026
55269331
64720148
22144878
12744069
80520110
75968207
36478352
28471498
65797236
15154647
94686081
28471498
15866536
36245188
95033152
48965914
16188402
63925635
99797234
50987319
73093026
22144878
36245188
94686081
95033152
31193955
22144878
17880976
48965914
73093026
68206977
48965914
48965914
95033152
12744069
15154647
36245188
52753046
50987319
52753046
65797236
15154647
59712707
94686081
64720148
52753046
15154647
75968207
73093026
36245188
16188402
12744069
75263129
63925635
65797236
15154647
68206977
17880976
68206977
36478352
51212692
50987319
70315869
22144878
68245486
16188402
